940240 Pu
Eneries [5168.17, 5123.68, 5021.23, 4863.6, 4654.69, 4492.07, 4264.38]
Yields [72.8, 27.1, 0.0852, 0.00108, 4.7e-05, 2e-05, 6.3e-07]
Bq Estimate (0.4 ml of 2.5 ml vat made)  257.98778747

940238 Pu
Eneries [5499.03, 5456.3, 5357.7, 5205.6, 4704.0, 4724.0, 4590.0, 5015.0, 4661.0, 4470.8, 4430.7, 4565.8, 4662.6, 4524.9, 4491.1]
Yields [70.91, 28.98, 0.105, 0.003, 5e-05, 2.2e-05, 1.2e-05, 6.8e-06, 4.2e-06, 1.2e-06, 1.1e-06, 2.5e-07, 9e-08, 0.0, 0.0]
Bq Estimate (0.4 ml of 2.5 ml vat made)  79.9523636968

940239 Pu
Eneries [5156.59, 5144.3, 5105.5, 5111.2]
Yields [73.3, 15.1, 11.5, 0.0]
Bq Estimate (0.4 ml of 2.5 ml vat made)  848.879579261

940241 Pu
Eneries [4896.3, 4853.0, 4972.0, 4798.0, 5042.0, 4998.0, 5055.0, 4784.0, 4743.0, 4732.0, 4693.0]
Yields [83.2, 12.2, 1.3, 1.2, 1.02, 0.41, 0.35, 0.2, 0.07, 0.03, 0.03]
Bq Estimate (0.4 ml of 2.5 ml vat made)  22768.8756934

950241 Am
Eneries [5485.56, 5442.8, 5388.23, 5544.5, 5511.47, 5321.9, 5416.27, 5244.12, 5225.08, 5181.64, 5155.16, 4834.15, 5190.4, 5281.01, 5117.2, 5099.09, 5092.05, 5179.34, 5066.22, 5007.58, 4800.62, 4757.39, 5469.45, 5232.5, 5217.27, 5133.0, 5106.71, 5055.34, 4963.63, 4961.6, 4956.0, 4888.9]
Yields [84.5, 13.0, 1.6, 0.34, 0.22, 0.015, 0.01, 0.0024, 0.0013, 0.0009, 0.0007, 0.0007, 0.0006, 0.0005, 0.0004, 0.0004, 0.0004, 0.0003, 0.00014, 0.0001, 8.6e-05, 4e-05, 0.0, 0.0, 0.0, 0.0, 0.0, 0.0, 0.0, 0.0, 0.0, 0.0]
Bq Estimate (0.4 ml of 2.5 ml vat made)  2.60738064896


950243 Am
Eneries [5275.3, 5233.3, 5181.0, 5349.4, 5321.0, 5113.0, 5088.0, 4695.0, 4946.0, 4930.0, 4919.0, 5035.0, 5029.0, 5008.0, 4997.0]
Yields [87.4, 11.0, 1.1, 0.16, 0.12, 0.0054, 0.004, 0.0017, 0.00034, 0.00018, 8.5e-05, 0.0, 0.0, 0.0, 0.0]
Bq Estimate (0.4 ml of 2.5 ml vat made)  0.0239699425747


950542 Am
Eneries [5206.8, 5141.6, 5367.2, 5409.3, 5273.0, 5313.5, 5064.2, 5088.4, 5458.2, 5248.2, 5250.0, 5214.7, 5082.0, 5153.3, 5027.1, 5517.3, 4974.9, 5543.8, 5173.7, 5173.0]
Yields [89.84, 5.82, 1.17, 1.04, 0.86, 0.69, 0.22, 0.19, 0.14, 0.11, 0.04, 0.03, 0.03, 0.02, 0.02, 0.006, 0.002, 0.0, 0.0, 0.0]
Bq Estimate (0.4 ml of 2.5 ml vat made)  0.086408394196

950240 Am
Eneries [5378.0, 5337.0, 5286.0]
Yields [86.8, 12.0, 1.23]
Bq Estimate (0.4 ml of 2.5 ml vat made)  0.00426873580748


